=== CatBoost Classification Results ===

Accuracy:          0.691794
Balanced Accuracy: 0.775776

=== Classification Report ===
=== Confusion Matrix (normalized) ===
[[7.35844087e-01 3.70467913e-02 4.09094899e-02 7.90097445e-04
  2.87946625e-02 1.41339654e-02 1.58897375e-02 1.55385831e-02
  1.04468440e-02 2.08936880e-02 1.43973312e-02 1.47484856e-02
  3.07260118e-03 1.69432008e-02 2.80923536e-02 1.05346326e-03
  1.40461768e-03]
 [7.74484878e-02 5.01498881e-01 5.96516526e-02 6.56471749e-03
  3.37342997e-02 2.34887869e-02 3.58592950e-02 1.68481767e-02
  4.65601639e-02 3.16472508e-02 1.48749668e-02 3.02811824e-02
  1.00178348e-02 1.52164839e-02 2.89530604e-02 5.27454180e-02
  1.46093424e-02]
 [2.59093174e-02 2.14250125e-02 7.91313735e-01 3.89470188e-02
  6.72645740e-03 1.15429331e-02 2.40823783e-02 1.22072745e-02
  8.05514034e-03 7.88905497e-03 1.44494270e-02 7.63992692e-03
  1.99302441e-03 7.30775619e-03 1.25394453e-02 5.06560372e-03
  2.90649394e-03]
 [0.00000000e+00 0.00000000e+00 3.67647059e-03 9.92647059e-01
  0.00000000e+00 0.00000000e+00 0.00000000e+00 0.00000000e+00
  0.00000000e+00 0.00000000e+00 0.00000000e+00 0.00000000e+00
  0.00000000e+00 0.00000000e+00 0.00000000e+00 3.67647059e-03
  0.00000000e+00]
 [3.01679299e-02 2.13999108e-02 1.82790905e-02 1.04027344e-03
  6.36795958e-01 2.12513003e-02 1.33749443e-02 1.24832813e-02
  6.59830584e-02 3.47748551e-02 7.87635607e-03 4.36914846e-02
  2.67498885e-02 7.13330361e-03 2.18457423e-02 4.45831476e-03
  3.26943082e-02]
 [1.09343936e-02 7.28959576e-03 1.60702452e-02 1.49105368e-03
  1.07687210e-02 8.27037773e-01 1.49105368e-02 4.80450630e-03
  2.81643472e-03 1.68986083e-02 6.46123260e-03 2.78330020e-02
  8.94632207e-03 2.50165673e-02 1.78926441e-02 4.97017893e-04
  3.31345262e-04]
 [9.92555831e-03 4.96277916e-03 2.23325062e-02 2.48138958e-03
  4.34243176e-03 4.96277916e-03 8.98883375e-01 5.58312655e-03
  3.10173697e-03 1.24069479e-02 6.82382134e-03 1.36476427e-02
  1.86104218e-03 1.86104218e-03 6.20347395e-03 6.20347395e-04
  0.00000000e+00]
 [7.61614623e-03 3.42726580e-03 8.37776085e-03 1.52322925e-03
  6.47372430e-03 2.66565118e-03 3.80807312e-03 9.27265804e-01
  1.14242193e-03 2.28484387e-03 3.80807312e-03 9.90099010e-03
  3.04645849e-03 6.85453161e-03 1.14242193e-03 3.80807312e-04
  1.02817974e-02]
 [8.25309491e-03 1.55891793e-02 1.28381476e-02 5.96056855e-03
  4.90600642e-02 5.04355800e-03 1.23796424e-02 5.96056855e-03
  7.57450711e-01 9.07840440e-02 5.96056855e-03 1.74232004e-02
  9.17010546e-04 3.20953691e-03 1.83402109e-03 4.12654746e-03
  3.20953691e-03]
 [2.41983081e-02 1.06236475e-02 2.06570923e-02 1.77060791e-03
  2.02636238e-02 2.69525871e-02 1.86897501e-02 8.06610270e-03
  4.07239819e-02 7.08243163e-01 1.14105843e-02 3.61990950e-02
  6.49222900e-03 1.16073185e-02 4.66260083e-02 3.14774739e-03
  4.32815267e-03]
 [1.03896104e-02 1.03896104e-02 8.65800866e-03 3.89610390e-03
  2.16450216e-03 3.46320346e-03 5.62770563e-03 6.49350649e-03
  5.19480519e-03 9.95670996e-03 8.91341991e-01 2.59740260e-03
  4.32900433e-04 4.76190476e-03 1.68831169e-02 3.46320346e-03
  1.42857143e-02]
 [1.19686339e-02 1.17622782e-02 1.85720182e-02 8.25423029e-04
  3.73503921e-02 1.25877012e-02 1.13495667e-02 1.58893933e-02
  1.89847297e-02 3.48741230e-02 5.57160545e-03 6.65497317e-01
  6.35575733e-02 5.88113908e-02 1.52703260e-02 2.06355757e-03
  1.50639703e-02]
 [9.86777186e-04 7.10479574e-03 8.88099467e-03 1.38148806e-03
  3.67081113e-02 7.30215117e-03 7.30215117e-03 7.69686205e-03
  2.96033156e-03 6.90744030e-03 5.32859680e-03 1.59265838e-01
  6.41997237e-01 9.35464772e-02 7.89421749e-04 6.11801855e-03
  5.72330768e-03]
 [6.69176077e-03 2.50941029e-03 5.85529067e-03 4.18235048e-04
  3.76411543e-03 7.94646591e-03 1.67294019e-03 2.50941029e-03
  4.18235048e-04 3.76411543e-03 1.67294019e-03 2.50941029e-02
  2.30029276e-02 8.98368883e-01 5.85529067e-03 4.18235048e-04
  1.00376412e-02]
 [3.27448747e-02 2.50569476e-02 4.15717540e-02 2.84738041e-03
  5.69476082e-03 9.76651481e-02 3.95785877e-02 1.65148064e-02
  1.50911162e-02 5.60933941e-02 1.85079727e-02 2.67653759e-02
  5.41002278e-03 1.05353075e-02 5.91685649e-01 2.27790433e-03
  1.19589977e-02]
 [2.97872340e-03 5.36170213e-02 1.70212766e-02 4.25531915e-04
  6.80851064e-03 3.82978723e-03 1.19148936e-02 3.40425532e-03
  3.82978723e-03 8.51063830e-03 8.93617021e-03 3.40425532e-03
  7.23404255e-03 2.55319149e-03 3.82978723e-03 8.60425532e-01
  1.27659574e-03]
 [6.88823833e-04 6.19941450e-03 3.27191321e-03 3.44411917e-04
  3.78853108e-02 3.44411917e-04 8.61029792e-04 1.87704495e-02
  4.47735492e-03 6.88823833e-04 5.68279662e-03 1.99758912e-02
  9.81573962e-03 2.53142759e-02 3.09970725e-03 6.88823833e-04
  8.61890821e-01]]
