=== CatBoost Classification Results ===

Accuracy:          0.652125
Balanced Accuracy: 0.741833

=== Classification Report ===
=== Confusion Matrix (normalized) ===
[[7.44926769e-01 3.22039880e-02 3.46744309e-02 1.49991177e-03
  2.83218634e-02 1.04993824e-02 2.39985883e-02 1.57931886e-02
  1.45579672e-02 1.76460208e-02 1.46461973e-02 1.02346921e-02
  3.35274396e-03 1.06758426e-02 3.34392095e-02 1.41168167e-03
  2.11752250e-03]
 [8.46904301e-02 4.96488631e-01 5.26895190e-02 4.85897582e-03
  3.40507915e-02 1.59814752e-02 3.17731466e-02 1.71962191e-02
  5.48532817e-02 3.20009111e-02 1.89424135e-02 1.86007668e-02
  1.41213985e-02 1.35899480e-02 3.31017728e-02 5.66753976e-02
  2.03849220e-02]
 [3.37171734e-02 2.97407009e-02 5.65653218e-01 2.51926104e-01
  6.95882694e-03 7.78725872e-03 2.46044238e-02 9.60980863e-03
  7.78725872e-03 7.78725872e-03 9.69265181e-03 5.13627703e-03
  4.30784525e-03 5.55049292e-03 1.81426560e-02 5.63333609e-03
  5.96470881e-03]
 [0.00000000e+00 0.00000000e+00 6.69144981e-02 8.62453532e-01
  0.00000000e+00 3.71747212e-03 1.11524164e-02 2.23048327e-02
  0.00000000e+00 3.71747212e-03 1.48698885e-02 0.00000000e+00
  3.71747212e-03 7.43494424e-03 0.00000000e+00 0.00000000e+00
  3.71747212e-03]
 [3.79727911e-02 2.52653610e-02 1.68934071e-02 6.72746300e-03
  5.68844371e-01 1.83883989e-02 1.52489161e-02 1.46509194e-02
  7.92345642e-02 3.99162805e-02 8.96995067e-03 3.66272985e-02
  3.93182837e-02 7.47495889e-03 2.79563462e-02 5.38197040e-03
  5.11287188e-02]
 [1.47889664e-02 1.42904619e-02 2.45928880e-02 4.65270854e-03
  1.29611167e-02 7.47590562e-01 1.62844799e-02 6.48055833e-03
  8.30840811e-03 1.71153207e-02 1.52874709e-02 2.32635427e-02
  1.86108342e-02 2.17680292e-02 5.08474576e-02 2.49252243e-03
  6.64672649e-04]
 [6.21504040e-03 1.11870727e-02 1.18085768e-02 9.32256060e-03
  3.72902424e-03 8.07955252e-03 8.94344313e-01 8.70105656e-03
  3.72902424e-03 8.07955252e-03 9.32256060e-03 3.10752020e-03
  8.07955252e-03 1.24300808e-03 1.05655687e-02 2.48601616e-03
  0.00000000e+00]
 [7.60745531e-03 4.94484595e-03 6.46633701e-03 1.63560289e-02
  4.18410042e-03 1.90186383e-03 5.70559148e-03 9.20502092e-01
  7.60745531e-04 1.14111830e-03 1.90186383e-03 5.32521871e-03
  3.80372765e-03 4.18410042e-03 2.66260936e-03 3.80372765e-04
  1.21719285e-02]
 [7.29927007e-03 2.37226277e-02 1.09489051e-02 1.18613139e-02
  3.69525547e-02 4.10583942e-03 1.82481752e-02 6.84306569e-03
  7.62317518e-01 6.25000000e-02 1.32299270e-02 1.23175182e-02
  5.93065693e-03 5.01824818e-03 3.64963504e-03 6.38686131e-03
  8.66788321e-03]
 [2.73191824e-02 9.23742138e-03 1.82783019e-02 5.69968553e-03
  1.31682390e-02 2.39779874e-02 1.98506289e-02 9.82704403e-03
  6.83962264e-02 6.60966981e-01 1.82783019e-02 1.86713836e-02
  8.45125786e-03 1.00235849e-02 7.72405660e-02 5.30660377e-03
  5.30660377e-03]
 [9.45423292e-03 9.45423292e-03 3.00816502e-03 5.32874946e-02
  2.57842716e-03 2.14868930e-03 6.87580576e-03 6.87580576e-03
  3.43790288e-03 2.14868930e-03 8.64632574e-01 2.57842716e-03
  2.14868930e-03 1.71895144e-03 1.24623979e-02 3.86764074e-03
  1.33218737e-02]
 [1.70887379e-02 2.22359481e-02 1.56475190e-02 5.76487544e-03
  3.70599135e-02 1.19415277e-02 1.75005147e-02 1.85299568e-02
  2.71772699e-02 3.93246860e-02 9.47086679e-03 5.24809553e-01
  1.49680873e-01 4.92073296e-02 2.53242742e-02 4.94132180e-03
  2.42948322e-02]
 [1.17901356e-03 6.87757909e-03 2.35802712e-03 8.64609943e-03
  2.86893299e-02 1.00216152e-02 1.49341717e-02 8.05659265e-03
  4.51955197e-03 5.69856553e-03 4.71605423e-03 1.05325211e-01
  7.17233248e-01 6.07191983e-02 5.89506779e-04 9.62861073e-03
  1.08076243e-02]
 [1.30252101e-02 4.20168067e-03 3.78151261e-03 4.62184874e-03
  1.68067227e-03 1.34453782e-02 1.26050420e-03 2.94117647e-03
  4.20168067e-04 3.78151261e-03 2.52100840e-03 1.68067227e-02
  5.88235294e-02 8.40756303e-01 6.72268908e-03 1.26050420e-03
  2.39495798e-02]
 [3.73280943e-02 1.99270278e-02 3.70474319e-02 1.96463654e-03
  5.33258490e-03 6.00617457e-02 3.64861072e-02 1.90850407e-02
  1.65590794e-02 3.19955094e-02 2.55402750e-02 2.13303396e-02
  2.80662363e-03 8.98119562e-03 6.61801852e-01 2.52596127e-03
  1.12264945e-02]
 [1.26103405e-03 4.96006726e-02 9.24758302e-03 4.62379151e-03
  5.04413619e-03 1.68137873e-03 7.14585960e-03 5.88482556e-03
  3.36275746e-03 3.78310214e-03 8.82723834e-03 4.20344683e-04
  5.88482556e-03 4.20344683e-03 2.94241278e-03 8.84405212e-01
  1.68137873e-03]
 [1.38624155e-03 3.98544446e-03 6.93120776e-04 3.46560388e-04
  2.16600243e-02 5.19840582e-04 3.46560388e-04 1.21296136e-02
  4.50528505e-03 1.38624155e-03 7.62432854e-03 1.61150580e-02
  8.31744932e-03 1.78478600e-02 8.83728990e-03 8.66400970e-04
  8.93432681e-01]]
